111.

INDEX OF PASSAGES OUTSIDE THE ACADEMICA,

THE READINGS OF WHICH ARE REFERRED TO IN THE
INTRODUCTION AND NOTES.

Augustine‚ eiu. (1.7,77 179 CiceroTuse..5 857173
Catullus 35 33and 35 787 19 N. D. 3, 3: 77 34
64, 7477 114 7,777 77 33 99, 304
66, 74. 77 76 7, 737144
ClceroFam3 797797 7747 7, 797 1139
4,6,'3:33 774 77795
5,7,75417 7,397.1777
9,78 7736 7 ,747 1167
8779, 77 7113 7,897 11793
79,4,67177737 137
79,,9771179 3, 579 13
77,97 7779 DeDiu.3,:93 173
77, 38,37 7747 7, 779. 33 34
77, 577 7779 7,877 ·P.·¹²
73, 7737 7737 7,767 7777
7357777779 7, 793. 11776
74, 5,77 7746 Cato Ma3033 139
74, 77,73 178 56. 114
75 ,7367 7748 1791177737 1173
0781776419 59717
1177. ι, 377 3i39 DeFato 35 3133
7, 39:343 De 08197777 75. 77 49
16111113 177777719777431ἷ11116 3i75
7, 597778 Timaeus33: 175
7,799717 DeLeg.‚:33 179
377177 7,78·178
3,377 11738 7,776 179
4,767 1177 7, 3771167
5, 77 77 779 7, 37 13
5,47. 1173 7,78 ·i14
Tusc-,2'3w 743 77547177

7, 54. 77 34 DeOmt 3, 303: 1157
7, 57. 33 333 3797 1158
7, 457 33 97 Brut. 779, 777718
24·7 ¹¹ 44 ²0⁴³ 177

7487 1134 7777 18

3,777 13 0771977971166

3, 78· 11779 387178

3,6:5 333 Verrin. 5, 779. 15
4,477 1179 Pro Cn Po333p. 59. 1196
5, 687 7, 78 Muren.:9 18

 

