3⁶8 11 11411 OF 11111111 mem

11114141441111 x. 1,)1. 11 18 1111411ῐᾶ111· u 131
11144111,1114711141.38414141116,17, 41111111111116
11111111 1431911 ·11 11, 3ο 1111411111131
1111138 11411144
1114411141411111 7 11111 39
&nummii 14

1111141113 8 1114111141

11141414, 1111113111 34 44, 34 11111111138,131

11111111· 14· 11114ι 11111111 111

1111114111 11131

1114111111116

111441111441111133, 39, 68, 94, 114, 148 ·

&mais 1111ἰί 14 1ο 11 ¹3¹

1111411111 31 ’ 1411· 11 11

1114111, 1111411114 11131 111114111111143

1111114111119 1111111184 p.1 8

1111111161Ξ1Π 11133 111413841176
111411111114

1414111111 38 114111ξ1·· 11 136

ἠ411411111196 1111χ111114

1111νὴ 1 38 11111111 111411· 1 39

4111111 19, 33 1141111116133

7114411411 1193 114111111111 3ο
1141111111 33

1111111141, 117 114111111411111136 ’

1114141111 1144111 11 11 11111114, 434 111344 118, 31
1111111

1111111331, 31, 3, 11141 1114111111 14

1111111141411134,··36, 36 11111114

1111111κή λέξις 1 3 11111411 14,16

11111111111434117 111111111141.3ο

καθάπαξ 1111111141· 1 36 16111141 i6i¹ 1330

111θῆ111137 14 4741111136 37· 1131

καλὸν, 111 36, 37 141111111137

:immam 1111171111,1111144111,1161116·1111·111·1116

11111411111141111111414143,334131,14111111194 11110

41, 411468· 1116,17,18,13,31, 38,1411111111137

4419 ¹1² Ι41 1111λῆ1ιεί144
1111411411 37 141141111111· 1 9
1111111111· u 34 1411111 11111 1111111 131
111111111111146

1141111111 19 1144111111 33, 34, 84
141141131411113393,1ο7,141 11111411114144141111111
1114111137 11411141
1141141114),1684 1143, 73
λῆγον 1196 11114411111 16
1114411144 111411111111114141137
141111134641131 mammonin
1141111931, 31, 91, 143 114811111314 1184
11411111 111411· 11 111 1141111144111111 91
11114131 1111174611.. 31
1111141111 11 87
1111χηί 19 11144411111191
411111111111111 1611111114
411111111111116 11 61111114111011·
11111141· 11 133 1111111111, 1
41111414ιυί 13 1111111114111141 13

 

